(kicad_pcb (version 20171130) (host pcbnew 5.0.1)

  (general
    (thickness 1.6)
    (drawings 364)
    (tracks 1141)
    (zones 0)
    (modules 179)
    (nets 143)
  )

  (page A4)
  (layers
    (0 F.Cu signal)
    (31 B.Cu signal)
    (32 B.Adhes user)
    (33 F.Adhes user)
    (34 B.Paste user)
    (35 F.Paste user)
    (36 B.SilkS user)
    (37 F.SilkS user)
    (38 B.Mask user)
    (39 F.Mask user)
    (40 Dwgs.User user)
    (41 Cmts.User user)
    (42 Eco1.User user)
    (43 Eco2.User user)
    (44 Edge.Cuts user)
    (45 Margin user)
    (46 B.CrtYd user)
    (47 F.CrtYd user)
    (48 B.Fab user)
    (49 F.Fab user)
  )

  (setup
    (last_trace_width 0.25)
    (trace_clearance 0.2)
    (zone_clearance 0.508)
    (zone_45_only no)
    (trace_min 0.2)
    (segment_width 0.2)
    (edge_width 0.15)
    (via_size 0.8)
    (via_drill 0.4)
    (via_min_size 0.4)
    (via_min_drill 0.3)
    (uvia_size 0.3)
    (uvia_drill 0.1)
    (uvias_allowed no)
    (uvia_min_size 0.2)
    (uvia_min_drill 0.1)
    (pcb_text_width 0.3)
    (pcb_text_size 1.5 1.5)
    (mod_edge_width 0.15)
    (mod_text_size 1 1)
    (mod_text_width 0.15)
    (pad_size 1.15 1.4)
    (pad_drill 0)
    (pad_to_mask_clearance 0.051)
    (solder_mask_min_width 0.25)
    (aux_axis_origin 0 0)
    (visible_elements FFFFFF7F)
    (pcbplotparams
      (layerselection 0x010fc_ffffffff)
      (usegerberextensions false)
      (usegerberattributes false)
      (usegerberadvancedattributes false)
      (creategerberjobfile false)
      (excludeedgelayer true)
      (linewidth 0.100000)
      (plotframeref false)
      (viasonmask false)
      (mode 1)
      (useauxorigin false)
      (hpglpennumber 1)
      (hpglpenspeed 20)
      (hpglpendiameter 15.000000)
      (psnegative false)
      (psa4output false)
      (plotreference true)
      (plotvalue true)
      (plotinvisibletext false)
      (padsonsilk false)
      (subtractmaskfromsilk false)
      (outputformat 1)
      (mirror false)
      (drillshape 1)
      (scaleselection 1)
      (outputdirectory ""))
  )

  (net 0 "")
  (net 1 +5V)
  (net 2 GND)
  (net 3 "Net-(C2-Pad2)")
  (net 4 "Net-(C3-Pad2)")
  (net 5 "Net-(C4-Pad1)")
  (net 6 "Net-(C5-Pad1)")
  (net 7 "Net-(D1-Pad1)")
  (net 8 row0)
  (net 9 "Net-(D2-Pad1)")
  (net 10 "Net-(D3-Pad1)")
  (net 11 "Net-(D4-Pad1)")
  (net 12 "Net-(D5-Pad1)")
  (net 13 "Net-(D6-Pad1)")
  (net 14 "Net-(D7-Pad1)")
  (net 15 "Net-(D8-Pad1)")
  (net 16 "Net-(D9-Pad1)")
  (net 17 "Net-(D10-Pad1)")
  (net 18 "Net-(D11-Pad1)")
  (net 19 "Net-(D12-Pad1)")
  (net 20 "Net-(D13-Pad1)")
  (net 21 "Net-(D14-Pad1)")
  (net 22 "Net-(D15-Pad1)")
  (net 23 row1)
  (net 24 "Net-(D16-Pad1)")
  (net 25 "Net-(D17-Pad1)")
  (net 26 "Net-(D18-Pad1)")
  (net 27 "Net-(D19-Pad1)")
  (net 28 "Net-(D20-Pad1)")
  (net 29 "Net-(D21-Pad1)")
  (net 30 "Net-(D22-Pad1)")
  (net 31 "Net-(D23-Pad1)")
  (net 32 "Net-(D24-Pad1)")
  (net 33 "Net-(D25-Pad1)")
  (net 34 "Net-(D26-Pad1)")
  (net 35 "Net-(D27-Pad1)")
  (net 36 "Net-(D28-Pad1)")
  (net 37 "Net-(D29-Pad1)")
  (net 38 row2)
  (net 39 "Net-(D30-Pad1)")
  (net 40 "Net-(D31-Pad1)")
  (net 41 "Net-(D32-Pad1)")
  (net 42 "Net-(D33-Pad1)")
  (net 43 "Net-(D34-Pad1)")
  (net 44 "Net-(D35-Pad1)")
  (net 45 "Net-(D36-Pad1)")
  (net 46 "Net-(D37-Pad1)")
  (net 47 "Net-(D38-Pad1)")
  (net 48 "Net-(D39-Pad1)")
  (net 49 "Net-(D40-Pad1)")
  (net 50 "Net-(D41-Pad1)")
  (net 51 "Net-(D42-Pad1)")
  (net 52 "Net-(D43-Pad1)")
  (net 53 "Net-(D44-Pad1)")
  (net 54 "Net-(D45-Pad1)")
  (net 55 row3)
  (net 56 "Net-(D46-Pad1)")
  (net 57 "Net-(D47-Pad1)")
  (net 58 "Net-(D48-Pad1)")
  (net 59 "Net-(D49-Pad1)")
  (net 60 "Net-(D50-Pad1)")
  (net 61 "Net-(D51-Pad1)")
  (net 62 "Net-(D52-Pad1)")
  (net 63 "Net-(D53-Pad1)")
  (net 64 "Net-(D54-Pad1)")
  (net 65 "Net-(D55-Pad1)")
  (net 66 "Net-(D56-Pad1)")
  (net 67 "Net-(D57-Pad1)")
  (net 68 "Net-(D58-Pad1)")
  (net 69 "Net-(D59-Pad1)")
  (net 70 row4)
  (net 71 "Net-(D60-Pad1)")
  (net 72 "Net-(D61-Pad1)")
  (net 73 "Net-(D62-Pad1)")
  (net 74 "Net-(D63-Pad1)")
  (net 75 "Net-(D64-Pad1)")
  (net 76 "Net-(D65-Pad1)")
  (net 77 "Net-(D66-Pad1)")
  (net 78 "Net-(D67-Pad1)")
  (net 79 "Net-(D68-Pad1)")
  (net 80 "Net-(D69-Pad1)")
  (net 81 "Net-(D70-Pad1)")
  (net 82 "Net-(D71-Pad1)")
  (net 83 "Net-(D72-Pad1)")
  (net 84 "Net-(D73-Pad1)")
  (net 85 row5)
  (net 86 "Net-(D74-Pad1)")
  (net 87 "Net-(D75-Pad1)")
  (net 88 "Net-(D76-Pad1)")
  (net 89 "Net-(D77-Pad1)")
  (net 90 "Net-(D78-Pad1)")
  (net 91 "Net-(D79-Pad1)")
  (net 92 "Net-(D80-Pad1)")
  (net 93 "Net-(D81-Pad1)")
  (net 94 "Net-(D82-Pad1)")
  (net 95 "Net-(J1-Pad2)")
  (net 96 "Net-(J1-Pad3)")
  (net 97 "Net-(J1-Pad4)")
  (net 98 "Net-(R1-Pad1)")
  (net 99 "Net-(R2-Pad1)")
  (net 100 "Net-(R3-Pad1)")
  (net 101 col0)
  (net 102 col1)
  (net 103 col2)
  (net 104 col3)
  (net 105 col4)
  (net 106 col6)
  (net 107 col7)
  (net 108 col8)
  (net 109 col9)
  (net 110 col10)
  (net 111 col11)
  (net 112 col12)
  (net 113 col13)
  (net 114 col14)
  (net 115 col5)
  (net 116 "Net-(SW83-Pad2)")
  (net 117 "Net-(U1-Pad1)")
  (net 118 "Net-(U1-Pad2)")
  (net 119 "Net-(U1-Pad9)")
  (net 120 "Net-(U1-Pad10)")
  (net 121 "Net-(U1-Pad18)")
  (net 122 "Net-(U1-Pad19)")
  (net 123 "Net-(U1-Pad31)")
  (net 124 "Net-(U1-Pad40)")
  (net 125 "Net-(U1-Pad41)")
  (net 126 "Net-(U1-Pad42)")
  (net 127 "Net-(U1-Pad44)")
  (net 128 "Net-(U1-Pad45)")
  (net 129 "Net-(U1-Pad46)")
  (net 130 "Net-(U1-Pad47)")
  (net 131 "Net-(U1-Pad48)")
  (net 132 "Net-(U1-Pad49)")
  (net 133 "Net-(U1-Pad50)")
  (net 134 "Net-(U1-Pad51)")
  (net 135 "Net-(U1-Pad54)")
  (net 136 "Net-(U1-Pad55)")
  (net 137 "Net-(U1-Pad56)")
  (net 138 "Net-(U1-Pad57)")
  (net 139 "Net-(U1-Pad58)")
  (net 140 "Net-(U1-Pad59)")
  (net 141 "Net-(U1-Pad60)")
  (net 142 "Net-(U1-Pad61)")

  (net_class Default "This is the default net class."
    (clearance 0.2)
    (trace_width 0.25)
    (via_dia 0.8)
    (via_drill 0.4)
    (uvia_dia 0.3)
    (uvia_drill 0.1)
    (add_net +5V)
    (add_net GND)
    (add_net "Net-(C2-Pad2)")
    (add_net "Net-(C3-Pad2)")
    (add_net "Net-(C4-Pad1)")
    (add_net "Net-(C5-Pad1)")
    (add_net "Net-(D1-Pad1)")
    (add_net "Net-(D10-Pad1)")
    (add_net "Net-(D11-Pad1)")
    (add_net "Net-(D12-Pad1)")
    (add_net "Net-(D13-Pad1)")
    (add_net "Net-(D14-Pad1)")
    (add_net "Net-(D15-Pad1)")
    (add_net "Net-(D16-Pad1)")
    (add_net "Net-(D17-Pad1)")
    (add_net "Net-(D18-Pad1)")
    (add_net "Net-(D19-Pad1)")
    (add_net "Net-(D2-Pad1)")
    (add_net "Net-(D20-Pad1)")
    (add_net "Net-(D21-Pad1)")
    (add_net "Net-(D22-Pad1)")
    (add_net "Net-(D23-Pad1)")
    (add_net "Net-(D24-Pad1)")
    (add_net "Net-(D25-Pad1)")
    (add_net "Net-(D26-Pad1)")
    (add_net "Net-(D27-Pad1)")
    (add_net "Net-(D28-Pad1)")
    (add_net "Net-(D29-Pad1)")
    (add_net "Net-(D3-Pad1)")
    (add_net "Net-(D30-Pad1)")
    (add_net "Net-(D31-Pad1)")
    (add_net "Net-(D32-Pad1)")
    (add_net "Net-(D33-Pad1)")
    (add_net "Net-(D34-Pad1)")
    (add_net "Net-(D35-Pad1)")
    (add_net "Net-(D36-Pad1)")
    (add_net "Net-(D37-Pad1)")
    (add_net "Net-(D38-Pad1)")
    (add_net "Net-(D39-Pad1)")
    (add_net "Net-(D4-Pad1)")
    (add_net "Net-(D40-Pad1)")
    (add_net "Net-(D41-Pad1)")
    (add_net "Net-(D42-Pad1)")
    (add_net "Net-(D43-Pad1)")
    (add_net "Net-(D44-Pad1)")
    (add_net "Net-(D45-Pad1)")
    (add_net "Net-(D46-Pad1)")
    (add_net "Net-(D47-Pad1)")
    (add_net "Net-(D48-Pad1)")
    (add_net "Net-(D49-Pad1)")
    (add_net "Net-(D5-Pad1)")
    (add_net "Net-(D50-Pad1)")
    (add_net "Net-(D51-Pad1)")
    (add_net "Net-(D52-Pad1)")
    (add_net "Net-(D53-Pad1)")
    (add_net "Net-(D54-Pad1)")
    (add_net "Net-(D55-Pad1)")
    (add_net "Net-(D56-Pad1)")
    (add_net "Net-(D57-Pad1)")
    (add_net "Net-(D58-Pad1)")
    (add_net "Net-(D59-Pad1)")
    (add_net "Net-(D6-Pad1)")
    (add_net "Net-(D60-Pad1)")
    (add_net "Net-(D61-Pad1)")
    (add_net "Net-(D62-Pad1)")
    (add_net "Net-(D63-Pad1)")
    (add_net "Net-(D64-Pad1)")
    (add_net "Net-(D65-Pad1)")
    (add_net "Net-(D66-Pad1)")
    (add_net "Net-(D67-Pad1)")
    (add_net "Net-(D68-Pad1)")
    (add_net "Net-(D69-Pad1)")
    (add_net "Net-(D7-Pad1)")
    (add_net "Net-(D70-Pad1)")
    (add_net "Net-(D71-Pad1)")
    (add_net "Net-(D72-Pad1)")
    (add_net "Net-(D73-Pad1)")
    (add_net "Net-(D74-Pad1)")
    (add_net "Net-(D75-Pad1)")
    (add_net "Net-(D76-Pad1)")
    (add_net "Net-(D77-Pad1)")
    (add_net "Net-(D78-Pad1)")
    (add_net "Net-(D79-Pad1)")
    (add_net "Net-(D8-Pad1)")
    (add_net "Net-(D80-Pad1)")
    (add_net "Net-(D81-Pad1)")
    (add_net "Net-(D82-Pad1)")
    (add_net "Net-(D9-Pad1)")
    (add_net "Net-(J1-Pad2)")
    (add_net "Net-(J1-Pad3)")
    (add_net "Net-(J1-Pad4)")
    (add_net "Net-(R1-Pad1)")
    (add_net "Net-(R2-Pad1)")
    (add_net "Net-(R3-Pad1)")
    (add_net "Net-(SW83-Pad2)")
    (add_net "Net-(U1-Pad1)")
    (add_net "Net-(U1-Pad10)")
    (add_net "Net-(U1-Pad18)")
    (add_net "Net-(U1-Pad19)")
    (add_net "Net-(U1-Pad2)")
    (add_net "Net-(U1-Pad31)")
    (add_net "Net-(U1-Pad40)")
    (add_net "Net-(U1-Pad41)")
    (add_net "Net-(U1-Pad42)")
    (add_net "Net-(U1-Pad44)")
    (add_net "Net-(U1-Pad45)")
    (add_net "Net-(U1-Pad46)")
    (add_net "Net-(U1-Pad47)")
    (add_net "Net-(U1-Pad48)")
    (add_net "Net-(U1-Pad49)")
    (add_net "Net-(U1-Pad50)")
    (add_net "Net-(U1-Pad51)")
    (add_net "Net-(U1-Pad54)")
    (add_net "Net-(U1-Pad55)")
    (add_net "Net-(U1-Pad56)")
    (add_net "Net-(U1-Pad57)")
    (add_net "Net-(U1-Pad58)")
    (add_net "Net-(U1-Pad59)")
    (add_net "Net-(U1-Pad60)")
    (add_net "Net-(U1-Pad61)")
    (add_net "Net-(U1-Pad9)")
    (add_net col0)
    (add_net col1)
    (add_net col10)
    (add_net col11)
    (add_net col12)
    (add_net col13)
    (add_net col14)
    (add_net col2)
    (add_net col3)
    (add_net col4)
    (add_net col5)
    (add_net col6)
    (add_net col7)
    (add_net col8)
    (add_net col9)
    (add_net row0)
    (add_net row1)
    (add_net row2)
    (add_net row3)
    (add_net row4)
    (add_net row5)
  )

  (module Capacitor_SMD:C_0805_2012Metric_Pad1.15x1.40mm_HandSolder (layer B.Cu) (tedit 5B36C52B) (tstamp 5C83D984)
    (at 292.48 -48.37 270)
    (descr "Capacitor SMD 0805 (2012 Metric), square (rectangular) end terminal, IPC_7351 nominal with elongated pad for handsoldering. (Body size source: https://docs.google.com/spreadsheets/d/1BsfQQcO9C6DZCsRaXUlFlo91Tg2WpOkGARC1WS5S8t0/edit?usp=sharing), generated with kicad-footprint-generator")
    (tags "capacitor handsolder")
    (path /5DAF5A2B)
    (attr smd)
    (fp_text reference C1 (at 0 1.65 270) (layer B.SilkS)
      (effects (font (size 1 1) (thickness 0.15)) (justify mirror))
    )
    (fp_text value 1uF (at 0 -1.65 270) (layer B.Fab)
      (effects (font (size 1 1) (thickness 0.15)) (justify mirror))
    )
    (fp_line (start -1 -0.6) (end -1 0.6) (layer B.Fab) (width 0.1))
    (fp_line (start -1 0.6) (end 1 0.6) (layer B.Fab) (width 0.1))
    (fp_line (start 1 0.6) (end 1 -0.6) (layer B.Fab) (width 0.1))
    (fp_line (start 1 -0.6) (end -1 -0.6) (layer B.Fab) (width 0.1))
    (fp_line (start -0.261252 0.71) (end 0.261252 0.71) (layer B.SilkS) (width 0.12))
    (fp_line (start -0.261252 -0.71) (end 0.261252 -0.71) (layer B.SilkS) (width 0.12))
    (fp_line (start -1.85 -0.95) (end -1.85 0.95) (layer B.CrtYd) (width 0.05))
    (fp_line (start -1.85 0.95) (end 1.85 0.95) (layer B.CrtYd) (width 0.05))
    (fp_line (start 1.85 0.95) (end 1.85 -0.95) (layer B.CrtYd) (width 0.05))
    (fp_line (start 1.85 -0.95) (end -1.85 -0.95) (layer B.CrtYd) (width 0.05))
    (fp_text user %R (at 0 0 270) (layer B.Fab)
      (effects (font (size 0.5 0.5) (thickness 0.08)) (justify mirror))
    )
    (pad 1 smd roundrect (at -1.025 0 270) (size 1.15 1.4) (layers B.Cu B.Paste B.Mask) (roundrect_rratio 0.217391)
      (net 1 +5V))
    (pad 2 smd roundrect (at 1.025 0 270) (size 1.15 1.4) (layers B.Cu B.Paste B.Mask) (roundrect_rratio 0.217391)
      (net 2 GND))
    (model ${KISYS3DMOD}/Capacitor_SMD.3dshapes/C_0805_2012Metric.wrl
      (at (xyz 0 0 0))
      (scale (xyz 1 1 1))
      (rotate (xyz 0 0 0))
    )
  )

  (module Capacitor_SMD:C_0805_2012Metric_Pad1.15x1.40mm_HandSolder (layer B.Cu) (tedit 5B36C52B) (tstamp 5C901B97)
    (at 267.925 -83.88 180)
    (descr "Capacitor SMD 0805 (2012 Metric), square (rectangular) end terminal, IPC_7351 nominal with elongated pad for handsoldering. (Body size source: https://docs.google.com/spreadsheets/d/1BsfQQcO9C6DZCsRaXUlFlo91Tg2WpOkGARC1WS5S8t0/edit?usp=sharing), generated with kicad-footprint-generator")
    (tags "capacitor handsolder")
    (path /5D481A2F)
    (attr smd)
    (fp_text reference C2 (at 0 1.65 180) (layer B.SilkS)
      (effects (font (size 1 1) (thickness 0.15)) (justify mirror))
    )
    (fp_text value 10pF (at 0 -1.65 180) (layer B.Fab)
      (effects (font (size 1 1) (thickness 0.15)) (justify mirror))
    )
    (fp_line (start -1 -0.6) (end -1 0.6) (layer B.Fab) (width 0.1))
    (fp_line (start -1 0.6) (end 1 0.6) (layer B.Fab) (width 0.1))
    (fp_line (start 1 0.6) (end 1 -0.6) (layer B.Fab) (width 0.1))
    (fp_line (start 1 -0.6) (end -1 -0.6) (layer B.Fab) (width 0.1))
    (fp_line (start -0.261252 0.71) (end 0.261252 0.71) (layer B.SilkS) (width 0.12))
    (fp_line (start -0.261252 -0.71) (end 0.261252 -0.71) (layer B.SilkS) (width 0.12))
    (fp_line (start -1.85 -0.95) (end -1.85 0.95) (layer B.CrtYd) (width 0.05))
    (fp_line (start -1.85 0.95) (end 1.85 0.95) (layer B.CrtYd) (width 0.05))
    (fp_line (start 1.85 0.95) (end 1.85 -0.95) (layer B.CrtYd) (width 0.05))
    (fp_line (start 1.85 -0.95) (end -1.85 -0.95) (layer B.CrtYd) (width 0.05))
    (fp_text user %R (at 0 0 180) (layer B.Fab)
      (effects (font (size 0.5 0.5) (thickness 0.08)) (justify mirror))
    )
    (pad 1 smd roundrect (at -1.025 0 180) (size 1.15 1.4) (layers B.Cu B.Paste B.Mask) (roundrect_rratio 0.217391)
      (net 2 GND))
    (pad 2 smd roundrect (at 1.025 0 180) (size 1.15 1.4) (layers B.Cu B.Paste B.Mask) (roundrect_rratio 0.217391)
      (net 3 "Net-(C2-Pad2)"))
    (model ${KISYS3DMOD}/Capacitor_SMD.3dshapes/C_0805_2012Metric.wrl
      (at (xyz 0 0 0))
      (scale (xyz 1 1 1))
      (rotate (xyz 0 0 0))
    )
  )

  (module Capacitor_SMD:C_0805_2012Metric_Pad1.15x1.40mm_HandSolder (layer B.Cu) (tedit 5B36C52B) (tstamp 5C83D9A6)
    (at 275.23 -56.155 90)
    (descr "Capacitor SMD 0805 (2012 Metric), square (rectangular) end terminal, IPC_7351 nominal with elongated pad for handsoldering. (Body size source: https://docs.google.com/spreadsheets/d/1BsfQQcO9C6DZCsRaXUlFlo91Tg2WpOkGARC1WS5S8t0/edit?usp=sharing), generated with kicad-footprint-generator")
    (tags "capacitor handsolder")
    (path /5D2976BA)
    (attr smd)
    (fp_text reference C3 (at 0 1.65 90) (layer B.SilkS)
      (effects (font (size 1 1) (thickness 0.15)) (justify mirror))
    )
    (fp_text value 10pF (at 0 -1.65 90) (layer B.Fab)
      (effects (font (size 1 1) (thickness 0.15)) (justify mirror))
    )
    (fp_text user %R (at 0 0 90) (layer B.Fab)
      (effects (font (size 0.5 0.5) (thickness 0.08)) (justify mirror))
    )
    (fp_line (start 1.85 -0.95) (end -1.85 -0.95) (layer B.CrtYd) (width 0.05))
    (fp_line (start 1.85 0.95) (end 1.85 -0.95) (layer B.CrtYd) (width 0.05))
    (fp_line (start -1.85 0.95) (end 1.85 0.95) (layer B.CrtYd) (width 0.05))
    (fp_line (start -1.85 -0.95) (end -1.85 0.95) (layer B.CrtYd) (width 0.05))
    (fp_line (start -0.261252 -0.71) (end 0.261252 -0.71) (layer B.SilkS) (width 0.12))
    (fp_line (start -0.261252 0.71) (end 0.261252 0.71) (layer B.SilkS) (width 0.12))
    (fp_line (start 1 -0.6) (end -1 -0.6) (layer B.Fab) (width 0.1))
    (fp_line (start 1 0.6) (end 1 -0.6) (layer B.Fab) (width 0.1))
    (fp_line (start -1 0.6) (end 1 0.6) (layer B.Fab) (width 0.1))
    (fp_line (start -1 -0.6) (end -1 0.6) (layer B.Fab) (width 0.1))
    (pad 2 smd roundrect (at 1.025 0 90) (size 1.15 1.4) (layers B.Cu B.Paste B.Mask) (roundrect_rratio 0.217391)
      (net 4 "Net-(C3-Pad2)"))
    (pad 1 smd roundrect (at -1.025 0 90) (size 1.15 1.4) (layers B.Cu B.Paste B.Mask) (roundrect_rratio 0.217391)
      (net 2 GND))
    (model ${KISYS3DMOD}/Capacitor_SMD.3dshapes/C_0805_2012Metric.wrl
      (at (xyz 0 0 0))
      (scale (xyz 1 1 1))
      (rotate (xyz 0 0 0))
    )
  )

  (module Capacitor_SMD:C_0805_2012Metric_Pad1.15x1.40mm_HandSolder (layer B.Cu) (tedit 5B36C52B) (tstamp 5C90211E)
    (at 296.895 -55.36)
    (descr "Capacitor SMD 0805 (2012 Metric), square (rectangular) end terminal, IPC_7351 nominal with elongated pad for handsoldering. (Body size source: https://docs.google.com/spreadsheets/d/1BsfQQcO9C6DZCsRaXUlFlo91Tg2WpOkGARC1WS5S8t0/edit?usp=sharing), generated with kicad-footprint-generator")
    (tags "capacitor handsolder")
    (path /5D515E8E)
    (attr smd)
    (fp_text reference C4 (at 0 1.65) (layer B.SilkS)
      (effects (font (size 1 1) (thickness 0.15)) (justify mirror))
    )
    (fp_text value 0.1uF (at 0 -1.65) (layer B.Fab)
      (effects (font (size 1 1) (thickness 0.15)) (justify mirror))
    )
    (fp_text user %R (at 0 0) (layer B.Fab)
      (effects (font (size 0.5 0.5) (thickness 0.08)) (justify mirror))
    )
    (fp_line (start 1.85 -0.95) (end -1.85 -0.95) (layer B.CrtYd) (width 0.05))
    (fp_line (start 1.85 0.95) (end 1.85 -0.95) (layer B.CrtYd) (width 0.05))
    (fp_line (start -1.85 0.95) (end 1.85 0.95) (layer B.CrtYd) (width 0.05))
    (fp_line (start -1.85 -0.95) (end -1.85 0.95) (layer B.CrtYd) (width 0.05))
    (fp_line (start -0.261252 -0.71) (end 0.261252 -0.71) (layer B.SilkS) (width 0.12))
    (fp_line (start -0.261252 0.71) (end 0.261252 0.71) (layer B.SilkS) (width 0.12))
    (fp_line (start 1 -0.6) (end -1 -0.6) (layer B.Fab) (width 0.1))
    (fp_line (start 1 0.6) (end 1 -0.6) (layer B.Fab) (width 0.1))
    (fp_line (start -1 0.6) (end 1 0.6) (layer B.Fab) (width 0.1))
    (fp_line (start -1 -0.6) (end -1 0.6) (layer B.Fab) (width 0.1))
    (pad 2 smd roundrect (at 1.025 0) (size 1.15 1.4) (layers B.Cu B.Paste B.Mask) (roundrect_rratio 0.217391)
      (net 2 GND))
    (pad 1 smd roundrect (at -1.025 0) (size 1.15 1.4) (layers B.Cu B.Paste B.Mask) (roundrect_rratio 0.217391)
      (net 5 "Net-(C4-Pad1)"))
    (model ${KISYS3DMOD}/Capacitor_SMD.3dshapes/C_0805_2012Metric.wrl
      (at (xyz 0 0 0))
      (scale (xyz 1 1 1))
      (rotate (xyz 0 0 0))
    )
  )

  (module Capacitor_SMD:C_0805_2012Metric_Pad1.15x1.40mm_HandSolder (layer B.Cu) (tedit 5B36C52B) (tstamp 5C8FF054)
    (at 287.1 -48.41 270)
    (descr "Capacitor SMD 0805 (2012 Metric), square (rectangular) end terminal, IPC_7351 nominal with elongated pad for handsoldering. (Body size source: https://docs.google.com/spreadsheets/d/1BsfQQcO9C6DZCsRaXUlFlo91Tg2WpOkGARC1WS5S8t0/edit?usp=sharing), generated with kicad-footprint-generator")
    (tags "capacitor handsolder")
    (path /5CDD7B90)
    (attr smd)
    (fp_text reference C5 (at 0 1.65 270) (layer B.SilkS)
      (effects (font (size 1 1) (thickness 0.15)) (justify mirror))
    )
    (fp_text value 1uF (at 0 -1.65 270) (layer B.Fab)
      (effects (font (size 1 1) (thickness 0.15)) (justify mirror))
    )
    (fp_line (start -1 -0.6) (end -1 0.6) (layer B.Fab) (width 0.1))
    (fp_line (start -1 0.6) (end 1 0.6) (layer B.Fab) (width 0.1))
    (fp_line (start 1 0.6) (end 1 -0.6) (layer B.Fab) (width 0.1))
    (fp_line (start 1 -0.6) (end -1 -0.6) (layer B.Fab) (width 0.1))
    (fp_line (start -0.261252 0.71) (end 0.261252 0.71) (layer B.SilkS) (width 0.12))
    (fp_line (start -0.261252 -0.71) (end 0.261252 -0.71) (layer B.SilkS) (width 0.12))
    (fp_line (start -1.85 -0.95) (end -1.85 0.95) (layer B.CrtYd) (width 0.05))
    (fp_line (start -1.85 0.95) (end 1.85 0.95) (layer B.CrtYd) (width 0.05))
    (fp_line (start 1.85 0.95) (end 1.85 -0.95) (layer B.CrtYd) (width 0.05))
    (fp_line (start 1.85 -0.95) (end -1.85 -0.95) (layer B.CrtYd) (width 0.05))
    (fp_text user %R (at 0 0 270) (layer B.Fab)
      (effects (font (size 0.5 0.5) (thickness 0.08)) (justify mirror))
    )
    (pad 1 smd roundrect (at -1.025 0 270) (size 1.15 1.4) (layers B.Cu B.Paste B.Mask) (roundrect_rratio 0.217391)
      (net 6 "Net-(C5-Pad1)"))
    (pad 2 smd roundrect (at 1.025 0 270) (size 1.15 1.4) (layers B.Cu B.Paste B.Mask) (roundrect_rratio 0.217391)
      (net 2 GND))
    (model ${KISYS3DMOD}/Capacitor_SMD.3dshapes/C_0805_2012Metric.wrl
      (at (xyz 0 0 0))
      (scale (xyz 1 1 1))
      (rotate (xyz 0 0 0))
    )
  )

  (module Capacitor_SMD:C_0805_2012Metric_Pad1.15x1.40mm_HandSolder (layer B.Cu) (tedit 5B36C52B) (tstamp 5C83D9D9)
    (at 294.62 -48.39 270)
    (descr "Capacitor SMD 0805 (2012 Metric), square (rectangular) end terminal, IPC_7351 nominal with elongated pad for handsoldering. (Body size source: https://docs.google.com/spreadsheets/d/1BsfQQcO9C6DZCsRaXUlFlo91Tg2WpOkGARC1WS5S8t0/edit?usp=sharing), generated with kicad-footprint-generator")
    (tags "capacitor handsolder")
    (path /5DB86675)
    (attr smd)
    (fp_text reference C6 (at 0 1.65 270) (layer B.SilkS)
      (effects (font (size 1 1) (thickness 0.15)) (justify mirror))
    )
    (fp_text value 0.1uF (at 0 -1.65 270) (layer B.Fab)
      (effects (font (size 1 1) (thickness 0.15)) (justify mirror))
    )
    (fp_text user %R (at 0 0 270) (layer B.Fab)
      (effects (font (size 0.5 0.5) (thickness 0.08)) (justify mirror))
    )
    (fp_line (start 1.85 -0.95) (end -1.85 -0.95) (layer B.CrtYd) (width 0.05))
    (fp_line (start 1.85 0.95) (end 1.85 -0.95) (layer B.CrtYd) (width 0.05))
    (fp_line (start -1.85 0.95) (end 1.85 0.95) (layer B.CrtYd) (width 0.05))
    (fp_line (start -1.85 -0.95) (end -1.85 0.95) (layer B.CrtYd) (width 0.05))
    (fp_line (start -0.261252 -0.71) (end 0.261252 -0.71) (layer B.SilkS) (width 0.12))
    (fp_line (start -0.261252 0.71) (end 0.261252 0.71) (layer B.SilkS) (width 0.12))
    (fp_line (start 1 -0.6) (end -1 -0.6) (layer B.Fab) (width 0.1))
    (fp_line (start 1 0.6) (end 1 -0.6) (layer B.Fab) (width 0.1))
    (fp_line (start -1 0.6) (end 1 0.6) (layer B.Fab) (width 0.1))
    (fp_line (start -1 -0.6) (end -1 0.6) (layer B.Fab) (width 0.1))
    (pad 2 smd roundrect (at 1.025 0 270) (size 1.15 1.4) (layers B.Cu B.Paste B.Mask) (roundrect_rratio 0.217391)
      (net 2 GND))
    (pad 1 smd roundrect (at -1.025 0 270) (size 1.15 1.4) (layers B.Cu B.Paste B.Mask) (roundrect_rratio 0.217391)
      (net 1 +5V))
    (model ${KISYS3DMOD}/Capacitor_SMD.3dshapes/C_0805_2012Metric.wrl
      (at (xyz 0 0 0))
      (scale (xyz 1 1 1))
      (rotate (xyz 0 0 0))
    )
  )

  (module Capacitor_SMD:C_0805_2012Metric_Pad1.15x1.40mm_HandSolder (layer B.Cu) (tedit 5B36C52B) (tstamp 5C901783)
    (at 296.9 -46.735 270)
    (descr "Capacitor SMD 0805 (2012 Metric), square (rectangular) end terminal, IPC_7351 nominal with elongated pad for handsoldering. (Body size source: https://docs.google.com/spreadsheets/d/1BsfQQcO9C6DZCsRaXUlFlo91Tg2WpOkGARC1WS5S8t0/edit?usp=sharing), generated with kicad-footprint-generator")
    (tags "capacitor handsolder")
    (path /5DBDB184)
    (attr smd)
    (fp_text reference C7 (at 0 1.65 270) (layer B.SilkS)
      (effects (font (size 1 1) (thickness 0.15)) (justify mirror))
    )
    (fp_text value 0.1uF (at 0 -1.65 270) (layer B.Fab)
      (effects (font (size 1 1) (thickness 0.15)) (justify mirror))
    )
    (fp_text user %R (at 0 0 270) (layer B.Fab)
      (effects (font (size 0.5 0.5) (thickness 0.08)) (justify mirror))
    )
    (fp_line (start 1.85 -0.95) (end -1.85 -0.95) (layer B.CrtYd) (width 0.05))
    (fp_line (start 1.85 0.95) (end 1.85 -0.95) (layer B.CrtYd) (width 0.05))
    (fp_line (start -1.85 0.95) (end 1.85 0.95) (layer B.CrtYd) (width 0.05))
    (fp_line (start -1.85 -0.95) (end -1.85 0.95) (layer B.CrtYd) (width 0.05))
    (fp_line (start -0.261252 -0.71) (end 0.261252 -0.71) (layer B.SilkS) (width 0.12))
    (fp_line (start -0.261252 0.71) (end 0.261252 0.71) (layer B.SilkS) (width 0.12))
    (fp_line (start 1 -0.6) (end -1 -0.6) (layer B.Fab) (width 0.1))
    (fp_line (start 1 0.6) (end 1 -0.6) (layer B.Fab) (width 0.1))
    (fp_line (start -1 0.6) (end 1 0.6) (layer B.Fab) (width 0.1))
    (fp_line (start -1 -0.6) (end -1 0.6) (layer B.Fab) (width 0.1))
    (pad 2 smd roundrect (at 1.025 0 270) (size 1.15 1.4) (layers B.Cu B.Paste B.Mask) (roundrect_rratio 0.217391)
      (net 2 GND))
    (pad 1 smd roundrect (at -1.025 0 270) (size 1.15 1.4) (layers B.Cu B.Paste B.Mask) (roundrect_rratio 0.217391)
      (net 1 +5V))
    (model ${KISYS3DMOD}/Capacitor_SMD.3dshapes/C_0805_2012Metric.wrl
      (at (xyz 0 0 0))
      (scale (xyz 1 1 1))
      (rotate (xyz 0 0 0))
    )
  )

  (module Capacitor_SMD:C_0805_2012Metric_Pad1.15x1.40mm_HandSolder (layer B.Cu) (tedit 5B36C52B) (tstamp 5C90215F)
    (at 290.29 -48.385 270)
    (descr "Capacitor SMD 0805 (2012 Metric), square (rectangular) end terminal, IPC_7351 nominal with elongated pad for handsoldering. (Body size source: https://docs.google.com/spreadsheets/d/1BsfQQcO9C6DZCsRaXUlFlo91Tg2WpOkGARC1WS5S8t0/edit?usp=sharing), generated with kicad-footprint-generator")
    (tags "capacitor handsolder")
    (path /5DBB0BBC)
    (attr smd)
    (fp_text reference C8 (at 0 1.65 270) (layer B.SilkS)
      (effects (font (size 1 1) (thickness 0.15)) (justify mirror))
    )
    (fp_text value 0.1uF (at 0 -1.65 270) (layer B.Fab)
      (effects (font (size 1 1) (thickness 0.15)) (justify mirror))
    )
    (fp_line (start -1 -0.6) (end -1 0.6) (layer B.Fab) (width 0.1))
    (fp_line (start -1 0.6) (end 1 0.6) (layer B.Fab) (width 0.1))
    (fp_line (start 1 0.6) (end 1 -0.6) (layer B.Fab) (width 0.1))
    (fp_line (start 1 -0.6) (end -1 -0.6) (layer B.Fab) (width 0.1))
    (fp_line (start -0.261252 0.71) (end 0.261252 0.71) (layer B.SilkS) (width 0.12))
    (fp_line (start -0.261252 -0.71) (end 0.261252 -0.71) (layer B.SilkS) (width 0.12))
    (fp_line (start -1.85 -0.95) (end -1.85 0.95) (layer B.CrtYd) (width 0.05))
    (fp_line (start -1.85 0.95) (end 1.85 0.95) (layer B.CrtYd) (width 0.05))
    (fp_line (start 1.85 0.95) (end 1.85 -0.95) (layer B.CrtYd) (width 0.05))
    (fp_line (start 1.85 -0.95) (end -1.85 -0.95) (layer B.CrtYd) (width 0.05))
    (fp_text user %R (at 0 0 270) (layer B.Fab)
      (effects (font (size 0.5 0.5) (thickness 0.08)) (justify mirror))
    )
    (pad 1 smd roundrect (at -1.025 0 270) (size 1.15 1.4) (layers B.Cu B.Paste B.Mask) (roundrect_rratio 0.217391)
      (net 1 +5V))
    (pad 2 smd roundrect (at 1.025 0 270) (size 1.15 1.4) (layers B.Cu B.Paste B.Mask) (roundrect_rratio 0.217391)
      (net 2 GND))
    (model ${KISYS3DMOD}/Capacitor_SMD.3dshapes/C_0805_2012Metric.wrl
      (at (xyz 0 0 0))
      (scale (xyz 1 1 1))
      (rotate (xyz 0 0 0))
    )
  )

  (module Diode_SMD:D_MELF_Handsoldering (layer B.Cu) (tedit 5905D89D) (tstamp 5C83DA13)
    (at 15.51 -109.84 180)
    (descr "Diode MELF Handsoldering")
    (tags "Diode MELF Handsoldering")
    (path /5C6B106B)
    (attr smd)
    (fp_text reference D1 (at 0 2.25 180) (layer B.SilkS)
      (effects (font (size 1 1) (thickness 0.15)) (justify mirror))
    )
    (fp_text value DIODE (at 0 -2.25 180) (layer B.Fab)
      (effects (font (size 1 1) (thickness 0.15)) (justify mirror))
    )
    (fp_text user %R (at 0 2.25 180) (layer B.Fab)
      (effects (font (size 1 1) (thickness 0.15)) (justify mirror))
    )
    (fp_line (start 3.4 1.5) (end -5.3 1.5) (layer B.SilkS) (width 0.12))
    (fp_line (start -5.3 1.5) (end -5.3 -1.5) (layer B.SilkS) (width 0.12))
    (fp_line (start -5.3 -1.5) (end 3.4 -1.5) (layer B.SilkS) (width 0.12))
    (fp_line (start 2.6 1.3) (end -2.6 1.3) (layer B.Fab) (width 0.1))
    (fp_line (start -2.6 1.3) (end -2.6 -1.3) (layer B.Fab) (width 0.1))
    (fp_line (start -2.6 -1.3) (end 2.6 -1.3) (layer B.Fab) (width 0.1))
    (fp_line (start 2.6 -1.3) (end 2.6 1.3) (layer B.Fab) (width 0.1))
    (fp_line (start -0.64944 -0.00102) (end -1.55114 -0.00102) (layer B.Fab) (width 0.1))
    (fp_line (start 0.50118 -0.00102) (end 1.4994 -0.00102) (layer B.Fab) (width 0.1))
    (fp_line (start -0.64944 0.79908) (end -0.64944 -0.80112) (layer B.Fab) (width 0.1))
    (fp_line (start 0.50118 -0.75032) (end 0.50118 0.79908) (layer B.Fab) (width 0.1))
    (fp_line (start -0.64944 -0.00102) (end 0.50118 -0.75032) (layer B.Fab) (width 0.1))
    (fp_line (start -0.64944 -0.00102) (end 0.50118 0.79908) (layer B.Fab) (width 0.1))
    (fp_line (start -5.4 1.6) (end 5.4 1.6) (layer B.CrtYd) (width 0.05))
    (fp_line (start 5.4 1.6) (end 5.4 -1.6) (layer B.CrtYd) (width 0.05))
    (fp_line (start 5.4 -1.6) (end -5.4 -1.6) (layer B.CrtYd) (width 0.05))
    (fp_line (start -5.4 -1.6) (end -5.4 1.6) (layer B.CrtYd) (width 0.05))
    (pad 1 smd rect (at -3.4 0 180) (size 3.5 2.7) (layers B.Cu B.Paste B.Mask)
      (net 7 "Net-(D1-Pad1)"))
    (pad 2 smd rect (at 3.4 0 180) (size 3.5 2.7) (layers B.Cu B.Paste B.Mask)
      (net 8 row0))
    (model ${KISYS3DMOD}/Diode_SMD.3dshapes/D_MELF.wrl
      (at (xyz 0 0 0))
      (scale (xyz 1 1 1))
      (rotate (xyz 0 0 0))
    )
  )

  (module Diode_SMD:D_MELF_Handsoldering (layer B.Cu) (tedit 5905D89D) (tstamp 5C83DA2B)
    (at 44.08 -109.62 180)
    (descr "Diode MELF Handsoldering")
    (tags "Diode MELF Handsoldering")
    (path /5C6B1E6C)
    (attr smd)
    (fp_text reference D2 (at 0 2.25 180) (layer B.SilkS)
      (effects (font (size 1 1) (thickness 0.15)) (justify mirror))
    )
    (fp_text value DIODE (at 0 -2.25 180) (layer B.Fab)
      (effects (font (size 1 1) (thickness 0.15)) (justify mirror))
    )
    (fp_line (start -5.4 -1.6) (end -5.4 1.6) (layer B.CrtYd) (width 0.05))
    (fp_line (start 5.4 -1.6) (end -5.4 -1.6) (layer B.CrtYd) (width 0.05))
    (fp_line (start 5.4 1.6) (end 5.4 -1.6) (layer B.CrtYd) (width 0.05))
    (fp_line (start -5.4 1.6) (end 5.4 1.6) (layer B.CrtYd) (width 0.05))
    (fp_line (start -0.64944 -0.00102) (end 0.50118 0.79908) (layer B.Fab) (width 0.1))
    (fp_line (start -0.64944 -0.00102) (end 0.50118 -0.75032) (layer B.Fab) (width 0.1))
    (fp_line (start 0.50118 -0.75032) (end 0.50118 0.79908) (layer B.Fab) (width 0.1))
    (fp_line (start -0.64944 0.79908) (end -0.64944 -0.80112) (layer B.Fab) (width 0.1))
    (fp_line (start 0.50118 -0.00102) (end 1.4994 -0.00102) (layer B.Fab) (width 0.1))
    (fp_line (start -0.64944 -0.00102) (end -1.55114 -0.00102) (layer B.Fab) (width 0.1))
    (fp_line (start 2.6 -1.3) (end 2.6 1.3) (layer B.Fab) (width 0.1))
    (fp_line (start -2.6 -1.3) (end 2.6 -1.3) (layer B.Fab) (width 0.1))
    (fp_line (start -2.6 1.3) (end -2.6 -1.3) (layer B.Fab) (width 0.1))
    (fp_line (start 2.6 1.3) (end -2.6 1.3) (layer B.Fab) (width 0.1))
    (fp_line (start -5.3 -1.5) (end 3.4 -1.5) (layer B.SilkS) (width 0.12))
    (fp_line (start -5.3 1.5) (end -5.3 -1.5) (layer B.SilkS) (width 0.12))
    (fp_line (start 3.4 1.5) (end -5.3 1.5) (layer B.SilkS) (width 0.12))
    (fp_text user %R (at 0 2.25 180) (layer B.Fab)
      (effects (font (size 1 1) (thickness 0.15)) (justify mirror))
    )
    (pad 2 smd rect (at 3.4 0 180) (size 3.5 2.7) (layers B.Cu B.Paste B.Mask)
      (net 8 row0))
    (pad 1 smd rect (at -3.4 0 180) (size 3.5 2.7) (layers B.Cu B.Paste B.Mask)
      (net 9 "Net-(D2-Pad1)"))
    (model ${KISYS3DMOD}/Diode_SMD.3dshapes/D_MELF.wrl
      (at (xyz 0 0 0))
      (scale (xyz 1 1 1))
      (rotate (xyz 0 0 0))
    )
  )

  (module Diode_SMD:D_MELF_Handsoldering (layer B.Cu) (tedit 5905D89D) (tstamp 5C83DA43)
    (at 63.12 -109.65 180)
    (descr "Diode MELF Handsoldering")
    (tags "Diode MELF Handsoldering")
    (path /5C6B3688)
    (attr smd)
    (fp_text reference D3 (at 0 2.25 180) (layer B.SilkS)
      (effects (font (size 1 1) (thickness 0.15)) (justify mirror))
    )
    (fp_text value DIODE (at 0 -2.25 180) (layer B.Fab)
      (effects (font (size 1 1) (thickness 0.15)) (justify mirror))
    )
    (fp_line (start -5.4 -1.6) (end -5.4 1.6) (layer B.CrtYd) (width 0.05))
    (fp_line (start 5.4 -1.6) (end -5.4 -1.6) (layer B.CrtYd) (width 0.05))
    (fp_line (start 5.4 1.6) (end 5.4 -1.6) (layer B.CrtYd) (width 0.05))
    (fp_line (start -5.4 1.6) (end 5.4 1.6) (layer B.CrtYd) (width 0.05))
    (fp_line (start -0.64944 -0.00102) (end 0.50118 0.79908) (layer B.Fab) (width 0.1))
    (fp_line (start -0.64944 -0.00102) (end 0.50118 -0.75032) (layer B.Fab) (width 0.1))
    (fp_line (start 0.50118 -0.75032) (end 0.50118 0.79908) (layer B.Fab) (width 0.1))
    (fp_line (start -0.64944 0.79908) (end -0.64944 -0.80112) (layer B.Fab) (width 0.1))
    (fp_line (start 0.50118 -0.00102) (end 1.4994 -0.00102) (layer B.Fab) (width 0.1))
    (fp_line (start -0.64944 -0.00102) (end -1.55114 -0.00102) (layer B.Fab) (width 0.1))
    (fp_line (start 2.6 -1.3) (end 2.6 1.3) (layer B.Fab) (width 0.1))
    (fp_line (start -2.6 -1.3) (end 2.6 -1.3) (layer B.Fab) (width 0.1))
    (fp_line (start -2.6 1.3) (end -2.6 -1.3) (layer B.Fab) (width 0.1))
    (fp_line (start 2.6 1.3) (end -2.6 1.3) (layer B.Fab) (width 0.1))
    (fp_line (start -5.3 -1.5) (end 3.4 -1.5) (layer B.SilkS) (width 0.12))
    (fp_line (start -5.3 1.5) (end -5.3 -1.5) (layer B.SilkS) (width 0.12))
    (fp_line (start 3.4 1.5) (end -5.3 1.5) (layer B.SilkS) (width 0.12))
    (fp_text user %R (at 0 2.25 180) (layer B.Fab)
      (effects (font (size 1 1) (thickness 0.15)) (justify mirror))
    )
    (pad 2 smd rect (at 3.4 0 180) (size 3.5 2.7) (layers B.Cu B.Paste B.Mask)
      (net 8 row0))
    (pad 1 smd rect (at -3.4 0 180) (size 3.5 2.7) (layers B.Cu B.Paste B.Mask)
      (net 10 "Net-(D3-Pad1)"))
    (model ${KISYS3DMOD}/Diode_SMD.3dshapes/D_MELF.wrl
      (at (xyz 0 0 0))
      (scale (xyz 1 1 1))
      (rotate (xyz 0 0 0))
    )
  )

  (module Diode_SMD:D_MELF_Handsoldering (layer B.Cu) (tedit 5905D89D) (tstamp 5C83DA5B)
    (at 82.25 -109.6 180)
    (descr "Diode MELF Handsoldering")
    (tags "Diode MELF Handsoldering")
    (path /5C6B3696)
    (attr smd)
    (fp_text reference D4 (at 0 2.25 180) (layer B.SilkS)
      (effects (font (size 1 1) (thickness 0.15)) (justify mirror))
    )
    (fp_text value DIODE (at 0 -2.25 180) (layer B.Fab)
      (effects (font (size 1 1) (thickness 0.15)) (justify mirror))
    )
    (fp_text user %R (at 0 2.25 180) (layer B.Fab)
      (effects (font (size 1 1) (thickness 0.15)) (justify mirror))
    )
    (fp_line (start 3.4 1.5) (end -5.3 1.5) (layer B.SilkS) (width 0.12))
    (fp_line (start -5.3 1.5) (end -5.3 -1.5) (layer B.SilkS) (width 0.12))
    (fp_line (start -5.3 -1.5) (end 3.4 -1.5) (layer B.SilkS) (width 0.12))
    (fp_line (start 2.6 1.3) (end -2.6 1.3) (layer B.Fab) (width 0.1))
    (fp_line (start -2.6 1.3) (end -2.6 -1.3) (layer B.Fab) (width 0.1))
    (fp_line (start -2.6 -1.3) (end 2.6 -1.3) (layer B.Fab) (width 0.1))
    (fp_line (start 2.6 -1.3) (end 2.6 1.3) (layer B.Fab) (width 0.1))
    (fp_line (start -0.64944 -0.00102) (end -1.55114 -0.00102) (layer B.Fab) (width 0.1))
    (fp_line (start 0.50118 -0.00102) (end 1.4994 -0.00102) (layer B.Fab) (width 0.1))
    (fp_line (start -0.64944 0.79908) (end -0.64944 -0.80112) (layer B.Fab) (width 0.1))
    (fp_line (start 0.50118 -0.75032) (end 0.50118 0.79908) (layer B.Fab) (width 0.1))
    (fp_line (start -0.64944 -0.00102) (end 0.50118 -0.75032) (layer B.Fab) (width 0.1))
    (fp_line (start -0.64944 -0.00102) (end 0.50118 0.79908) (layer B.Fab) (width 0.1))
    (fp_line (start -5.4 1.6) (end 5.4 1.6) (layer B.CrtYd) (width 0.05))
    (fp_line (start 5.4 1.6) (end 5.4 -1.6) (layer B.CrtYd) (width 0.05))
    (fp_line (start 5.4 -1.6) (end -5.4 -1.6) (layer B.CrtYd) (width 0.05))
    (fp_line (start -5.4 -1.6) (end -5.4 1.6) (layer B.CrtYd) (width 0.05))
    (pad 1 smd rect (at -3.4 0 180) (size 3.5 2.7) (layers B.Cu B.Paste B.Mask)
      (net 11 "Net-(D4-Pad1)"))
    (pad 2 smd rect (at 3.4 0 180) (size 3.5 2.7) (layers B.Cu B.Paste B.Mask)
      (net 8 row0))
    (model ${KISYS3DMOD}/Diode_SMD.3dshapes/D_MELF.wrl
      (at (xyz 0 0 0))
      (scale (xyz 1 1 1))
      (rotate (xyz 0 0 0))
    )
  )

  (module Diode_SMD:D_MELF_Handsoldering (layer B.Cu) (tedit 5905D89D) (tstamp 5C83DA73)
    (at 101.21 -109.6 180)
    (descr "Diode MELF Handsoldering")
    (tags "Diode MELF Handsoldering")
    (path /5C6B3A18)
    (attr smd)
    (fp_text reference D5 (at 0 2.25 180) (layer B.SilkS)
      (effects (font (size 1 1) (thickness 0.15)) (justify mirror))
    )
    (fp_text value DIODE (at 0 -2.25 180) (layer B.Fab)
      (effects (font (size 1 1) (thickness 0.15)) (justify mirror))
    )
    (fp_line (start -5.4 -1.6) (end -5.4 1.6) (layer B.CrtYd) (width 0.05))
    (fp_line (start 5.4 -1.6) (end -5.4 -1.6) (layer B.CrtYd) (width 0.05))
    (fp_line (start 5.4 1.6) (end 5.4 -1.6) (layer B.CrtYd) (width 0.05))
    (fp_line (start -5.4 1.6) (end 5.4 1.6) (layer B.CrtYd) (width 0.05))
    (fp_line (start -0.64944 -0.00102) (end 0.50118 0.79908) (layer B.Fab) (width 0.1))
    (fp_line (start -0.64944 -0.00102) (end 0.50118 -0.75032) (layer B.Fab) (width 0.1))
    (fp_line (start 0.50118 -0.75032) (end 0.50118 0.79908) (layer B.Fab) (width 0.1))
    (fp_line (start -0.64944 0.79908) (end -0.64944 -0.80112) (layer B.Fab) (width 0.1))
    (fp_line (start 0.50118 -0.00102) (end 1.4994 -0.00102) (layer B.Fab) (width 0.1))
    (fp_line (start -0.64944 -0.00102) (end -1.55114 -0.00102) (layer B.Fab) (width 0.1))
    (fp_line (start 2.6 -1.3) (end 2.6 1.3) (layer B.Fab) (width 0.1))
    (fp_line (start -2.6 -1.3) (end 2.6 -1.3) (layer B.Fab) (width 0.1))
    (fp_line (start -2.6 1.3) (end -2.6 -1.3) (layer B.Fab) (width 0.1))
    (fp_line (start 2.6 1.3) (end -2.6 1.3) (layer B.Fab) (width 0.1))
    (fp_line (start -5.3 -1.5) (end 3.4 -1.5) (layer B.SilkS) (width 0.12))
    (fp_line (start -5.3 1.5) (end -5.3 -1.5) (layer B.SilkS) (width 0.12))
    (fp_line (start 3.4 1.5) (end -5.3 1.5) (layer B.SilkS) (width 0.12))
    (fp_text user %R (at 0 2.25 180) (layer B.Fab)
      (effects (font (size 1 1) (thickness 0.15)) (justify mirror))
    )
    (pad 2 smd rect (at 3.4 0 180) (size 3.5 2.7) (layers B.Cu B.Paste B.Mask)
      (net 8 row0))
    (pad 1 smd rect (at -3.4 0 180) (size 3.5 2.7) (layers B.Cu B.Paste B.Mask)
      (net 12 "Net-(D5-Pad1)"))
    (model ${KISYS3DMOD}/Diode_SMD.3dshapes/D_MELF.wrl
      (at (xyz 0 0 0))
      (scale (xyz 1 1 1))
      (rotate (xyz 0 0 0))
    )
  )

  (module Diode_SMD:D_MELF_Handsoldering (layer B.Cu) (tedit 5905D89D) (tstamp 5C83DA8B)
    (at 129.73 -109.65 180)
    (descr "Diode MELF Handsoldering")
    (tags "Diode MELF Handsoldering")
    (path /5C6B3A34)
    (attr smd)
    (fp_text reference D6 (at 0 2.25 180) (layer B.SilkS)
      (effects (font (size 1 1) (thickness 0.15)) (justify mirror))
    )
    (fp_text value DIODE (at 0 -2.25 180) (layer B.Fab)
      (effects (font (size 1 1) (thickness 0.15)) (justify mirror))
    )
    (fp_text user %R (at 0 2.25 180) (layer B.Fab)
      (effects (font (size 1 1) (thickness 0.15)) (justify mirror))
    )
    (fp_line (start 3.4 1.5) (end -5.3 1.5) (layer B.SilkS) (width 0.12))
    (fp_line (start -5.3 1.5) (end -5.3 -1.5) (layer B.SilkS) (width 0.12))
    (fp_line (start -5.3 -1.5) (end 3.4 -1.5) (layer B.SilkS) (width 0.12))
    (fp_line (start 2.6 1.3) (end -2.6 1.3) (layer B.Fab) (width 0.1))
    (fp_line (start -2.6 1.3) (end -2.6 -1.3) (layer B.Fab) (width 0.1))
    (fp_line (start -2.6 -1.3) (end 2.6 -1.3) (layer B.Fab) (width 0.1))
    (fp_line (start 2.6 -1.3) (end 2.6 1.3) (layer B.Fab) (width 0.1))
    (fp_line (start -0.64944 -0.00102) (end -1.55114 -0.00102) (layer B.Fab) (width 0.1))
    (fp_line (start 0.50118 -0.00102) (end 1.4994 -0.00102) (layer B.Fab) (width 0.1))
    (fp_line (start -0.64944 0.79908) (end -0.64944 -0.80112) (layer B.Fab) (width 0.1))
    (fp_line (start 0.50118 -0.75032) (end 0.50118 0.79908) (layer B.Fab) (width 0.1))
    (fp_line (start -0.64944 -0.00102) (end 0.50118 -0.75032) (layer B.Fab) (width 0.1))
